9980.46, 4307844.50
16548.57, 5341880.00
36515.00, 6916868.50
54327.07, 18759692.00
60232.88, 3316369.00
63540.39, 1175309.25
82985.09, 7769581.00
86456.11, 16626659.00
94456.01, 14633898.00
112465.81, 6875076.00
135797.98, 17011394.00
139621.02, 493744.91
143181.77, 15631194.00
148446.25, 17187626.00
151894.31, 10824602.00
160782.94, 20753954.00
170966.50, 18090116.00
179979.05, 13633070.00
184262.80, 356871.19
188905.00, 14036224.00
206778.72, 14785066.00
212038.23, 11230689.00
218312.08, 3935051.25
229711.88, 8480969.00
232229.95, 2583456.00
240226.48, 4128285.50
240515.84, 908668.94
248513.91, 11796690.00
260424.81, 388747.25
283922.75, 19431594.00
294728.38, 19645378.00
296989.75, 300715.44
311199.75, 21394586.00
315431.03, 15649920.00
323264.31, 7381922.00
330767.84, 9306938.00
334995.22, 19584922.00
335655.41, 3183840.00
349903.91, 2761721.00
350536.25, 7389194.00
354612.12, 9168316.00
358043.59, 11757231.00
394355.59, 11699756.00
399799.62, 21362234.00
399945.69, 5185400.50
404466.59, 6043469.50
410555.25, 13629600.00
412068.91, 14862260.00
418268.16, 17317022.00
428305.59, 13803781.00
434071.56, 17515894.00
435334.16, 20472480.00
454504.25, 14038702.00
465733.31, 8329762.00
467710.31, 11766193.00
469437.56, 2518914.25
482453.47, 395693.75
498245.38, 11849875.00
498631.25, 14298647.00
506138.72, 15076476.00
512617.59, 665186.50
516362.84, 19097652.00
522426.12, 12823401.00
526971.62, 12173873.00
542400.75, 5793473.50
543913.62, 11463715.00
552161.69, 17741924.00
554983.19, 7396014.00
556162.75, 18320080.00
559686.75, 9702389.00
560811.88, 19683228.00
562343.19, 20159056.00
562515.38, 12578207.00
562569.94, 15894065.00
574339.62, 12685546.00
577685.81, 18664854.00
594593.25, 8386596.00
594803.31, 11923319.00
597170.38, 21178932.00
598214.75, 4576458.00
633733.62, 18795336.00
641830.75, 4479071.00
647442.31, 4899286.50
651306.69, 11768074.00
659490.25, 13991213.00
674209.19, 13273469.00
680377.06, 9609780.00
685369.25, 6469309.50
688235.38, 4945653.00
689402.25, 17642264.00
699172.31, 11904618.00
700534.25, 16303293.00
720558.81, 4293205.00
723575.75, 15462427.00
728774.38, 9149888.00
729804.25, 13801248.00
734704.88, 11480924.00
735864.88, 12332058.00
741858.06, 3876721.00
776685.94, 17286684.00
784352.94, 10262141.00
798606.38, 6626343.50
800505.19, 8163046.50
824974.50, 522060.16
825956.38, 6841105.50
828017.81, 9845021.00
831698.31, 13860340.00
832618.56, 19755276.00
845593.69, 16111002.00
858056.81, 19976610.00
858858.31, 4891663.50
876697.25, 17428776.00
877950.31, 12313308.00
881192.81, 11776817.00
890586.56, 1972943.25
895951.38, 12576028.00
917368.88, 16176326.00
924966.00, 6961431.00
932025.94, 12727802.00
943729.12, 116506.00
955126.25, 11080582.00
984285.44, 12097632.00
984406.56, 16660451.00
989299.81, 8203385.50
992320.19, 18113132.00
1021019.75, 10753836.00
1024059.50, 4105586.50
1049273.50, 20958450.00
1050110.25, 9043862.00
1055166.88, 17185156.00
1068745.50, 3551104.75
1086405.50, 4288739.00
1087710.50, 3501883.25
1092612.00, 19219978.00
1092652.50, 10971484.00
1106386.50, 14458652.00
1107389.88, 18015116.00
1116745.12, 9499114.00
1117282.12, 11000548.00
1134620.12, 20892866.00
1143236.62, 2924434.25
1148020.38, 17457952.00
1152328.62, 5486675.00
1155289.62, 10287869.00
1158813.50, 13834300.00
1169291.12, 1887575.25
1173148.62, 14080910.00
1179673.00, 13397230.00
1187260.12, 9050300.00
1196078.50, 17647084.00
1200071.62, 20033214.00
1200296.88, 8013392.00
1202870.88, 20566830.00
1203859.00, 3603255.25
1219376.38, 13735517.00
1219399.00, 18450380.00
1222185.12, 948159.69
1230263.75, 10963049.00
1230344.62, 18301480.00
1232246.12, 2703268.75
1233409.62, 14272490.00
1238306.75, 2359547.25
1242289.50, 11478227.00
1249372.25, 9100092.00
1251370.62, 5586324.00
1255508.62, 13212892.00
1268716.12, 16887298.00
1271758.12, 48406.69
1287664.50, 19643982.00
1298481.25, 8915511.00
1330586.12, 19100058.00
1334192.88, 10153796.00
1338612.62, 2986394.25
1341302.12, 14244824.00
1362485.12, 5097268.50
1363325.00, 20282126.00
1374476.12, 3036818.50
1377030.50, 7273076.00
1385268.00, 18812782.00
1396337.25, 18399860.00
1407511.25, 20992928.00
1407781.50, 13894569.00
1413726.38, 21176788.00
1418242.25, 19177992.00
1419161.25, 11303272.00
1419951.00, 694571.12
1424197.00, 5990566.50
1425637.88, 11850420.00
1431195.00, 16564884.00
1433266.88, 16972680.00
1441875.00, 5019486.00
1472863.62, 8590399.00
1478564.38, 2037095.50
1478841.12, 1786648.62
1489745.00, 1444633.12
1517000.62, 18080688.00
1524970.38, 6862397.00
1527058.25, 2261886.75
1535872.50, 4642763.50
1538775.62, 16603332.00
1547965.25, 2130676.50
1548777.12, 19649108.00
1557835.50, 6506340.00
1568456.75, 12874989.00
1569457.12, 9334605.00
1575978.12, 13166625.00
1576382.38, 10778499.00
1585842.75, 10668984.00
1593295.38, 18653104.00
1602075.62, 12807372.00
1605285.00, 18606624.00
1606015.50, 15319606.00
1606144.00, 8000387.00
1610170.75, 19829174.00
1637945.75, 459179.62
1648848.62, 13906593.00
1664195.38, 14783450.00
1672980.75, 19622922.00
1683022.88, 13581966.00
1695742.75, 9164355.00
1704469.12, 4791925.00
1722324.12, 13449155.00
1723193.62, 3924121.50
1726750.88, 4426255.50
1738545.00, 8188859.50
1751427.50, 6090598.00
1756790.12, 14535995.00
1758459.62, 9384760.00
1759194.75, 11161226.00
1785511.38, 7030236.00
1798461.00, 8381337.00
1802777.62, 19248416.00
1807620.12, 21197608.00
1824345.88, 9482852.00
1825591.62, 12611183.00
1832043.25, 13740901.00
1849058.38, 4641679.50
1853715.25, 19497838.00
1854637.00, 11866001.00
1870328.12, 3433811.50
1882070.25, 16289114.00
1884361.12, 1537059.00
1900494.88, 2730604.50
1904232.62, 16967384.00
1910786.88, 2434423.75
1923460.38, 2610737.00
1941563.38, 2801751.25
1942775.88, 21138282.00
1956448.38, 21177246.00
1961418.88, 5198509.50
1964110.50, 10318180.00
1966291.62, 11617030.00
1970276.75, 11689530.00
1972166.50, 8985407.00
1976609.00, 1591030.88
1982710.12, 20009438.00
1987343.62, 18640070.00
1997608.50, 18330284.00
2002255.00, 7994480.50
2012894.50, 8618049.00
2020977.12, 6967074.50
2023685.88, 21288264.00
2043574.75, 9716665.00
2050703.00, 4284762.00
2053740.00, 2760243.75
2065276.75, 10137039.00
2066439.88, 18892290.00
2070607.88, 1375769.25
2074628.75, 10363075.00
2084479.50, 1800021.50
2084785.50, 15540707.00
2095977.25, 1953325.88
2102134.25, 1105166.25
2102936.25, 19565228.00
2108558.00, 7069639.00
2138034.25, 11755703.00
2139057.00, 1398747.62
2155256.50, 3447688.75
2155720.25, 21295714.00
2161632.75, 6349778.50
2180653.50, 621574.62
2220819.75, 15865865.00
2226359.00, 15139153.00
2233740.75, 8708947.00
2243809.25, 5841173.00
2248549.50, 5177776.50
2255381.75, 11460366.00
2258445.25, 10074369.00
2262347.25, 12020110.00
2270615.75, 19669926.00
2280044.00, 15729142.00
2284952.50, 8631215.00
2313285.25, 9762647.00
2314264.75, 18365992.00
2327284.25, 15848198.00
2330472.25, 9415049.00
2343306.00, 8499768.00
2345885.50, 9430470.00
2351578.50, 1711230.12
2365931.50, 5648444.00
2366912.25, 20083314.00
2369106.50, 6868739.00
2407321.00, 11107343.00
2411574.25, 5009133.50
2425046.00, 2475382.00
2430107.00, 14630486.00
2440579.00, 16956964.00
2441208.25, 5675990.00
2453911.25, 3592663.75
2457074.50, 20838128.00
2495455.25, 7538401.50
2504650.50, 5851702.50
2508099.50, 19543528.00
2514669.00, 8208459.00
2527649.00, 14526835.00
2550645.00, 5627178.00
2567221.00, 16774945.00
2573429.50, 145946.73
2595294.00, 13016632.00
2595400.75, 15342971.00
2596840.75, 3788975.00
2602441.50, 10182861.00
2606400.75, 10695528.00
2614141.25, 20306840.00
2614659.25, 9180419.00
2616679.50, 17032232.00
2634230.00, 20121726.00
2638583.25, 17786798.00
2651037.75, 666532.81
2656678.00, 4444766.50
2662211.25, 8286226.50
2668480.25, 17718318.00
2668598.50, 19181004.00
2678146.75, 7506919.50
2678417.50, 14541075.00
2686057.00, 14920338.00
2690389.75, 5469186.00
2693475.00, 20268564.00
2707154.25, 10034882.00
2707827.25, 20323380.00
2716838.00, 20308812.00
2725470.00, 11811498.00
2725848.25, 9128988.00
2733532.75, 9950472.00
2734611.50, 638837.06
2740500.75, 20558796.00
2755134.00, 20304846.00
2758612.25, 2541998.25
2767419.25, 10976942.00
2778827.50, 2821566.50
2801416.25, 7708871.50
2805350.50, 17747768.00
2805455.75, 5601575.50
2810134.50, 20547798.00
2812076.50, 2282361.00
2816927.00, 4748011.00
2818787.50, 5501389.00
2827807.25, 6102895.50
2837470.00, 19326704.00
2841125.50, 9006960.00
2842697.00, 8495711.00
2847275.50, 16609262.00
2865291.75, 2866459.75
2866598.00, 944384.31
2871236.75, 3117817.00
2876761.25, 2021969.62
2918487.00, 13439862.00
2945791.25, 6271127.00
2949172.50, 10077669.00
2949485.50, 9757002.00
2955491.25, 2415641.50
2963234.25, 8374946.50
2974449.50, 12305590.00
2981047.25, 7511631.50
2992065.25, 5577901.00
3003381.75, 8572883.00
3003414.00, 13510618.00
3038743.75, 15872215.00
3044403.25, 15846177.00
3046271.75, 11910179.00
3050668.75, 3576584.75
3070147.75, 20943016.00
3074107.00, 16576378.00
3087515.75, 19397730.00
3089726.00, 8353492.00
3090369.50, 19754746.00
3096040.25, 3885920.25
3098230.50, 732858.56
3106314.25, 6065432.50
3107890.25, 2775576.00
3108597.75, 7076742.00
3115786.00, 16184467.00
3116740.25, 1793593.88
3122679.25, 5852154.00
3122799.00, 10244484.00
3140732.75, 1476032.50
3144167.75, 12025270.00
3146280.75, 14019465.00
3150824.25, 10482506.00
3151233.25, 8472596.00
3167752.25, 19902214.00
3183104.25, 5723133.00
3214790.75, 1552494.88
3225530.25, 8169126.50
3240784.00, 18817100.00
3256232.00, 3948364.50
3257158.75, 19974248.00
3258364.75, 477496.28
3268594.25, 13532808.00
3289872.25, 3028797.50
3291665.00, 13976768.00
3294041.00, 6152503.00
3296206.00, 6499028.50
3312836.50, 4182609.00
3315222.75, 16745277.00
3318184.75, 3404727.75
3318877.50, 7981621.00
3320061.50, 6801209.50
3342390.00, 6712237.00
3347588.75, 4259758.50
3357474.00, 19768578.00
3362091.75, 5563486.00
3375363.50, 2893979.25
3380977.00, 475613.16
3381502.00, 8726454.00
3385345.00, 11453810.00
3404739.50, 18351578.00
3418483.25, 6047141.00
3425945.00, 7413771.50
3429301.00, 11826011.00
3442055.00, 9528351.00
3470707.75, 13314908.00
3470804.75, 10191576.00
3471331.25, 11151946.00
3479897.25, 4944960.50
3485497.00, 6112468.50
3491192.00, 21417672.00
3492935.00, 20255280.00
3494835.00, 16756835.00
3507273.25, 10533270.00
3514358.50, 8775551.00
3514633.00, 13859619.00
3536315.50, 14478459.00
3541359.75, 4919337.50
3542715.25, 19777112.00
3546715.50, 16496115.00
3552273.50, 389839.91
3565574.50, 11691455.00
3583167.75, 6557955.00
3585339.00, 13835075.00
3603682.00, 13817542.00
3619739.75, 3289424.75
3621276.25, 15585751.00
3624101.75, 10623350.00
3626834.25, 3812758.00
3627316.25, 13506815.00
3629014.00, 2066413.75
3629081.25, 19166450.00
3631557.75, 1929927.38
3637008.00, 16452059.00
3649904.25, 7794497.50
3650225.50, 4891614.00
3675545.00, 9294763.00
3686948.50, 7522370.00
3687702.75, 3578191.75
3697474.50, 12935297.00
3700096.75, 10985085.00
3703703.75, 14712285.00
3705469.00, 10708448.00
3730767.00, 15074733.00
3758493.00, 8843421.00
3767355.00, 18233352.00
3772921.25, 18126550.00
3781903.25, 8535704.00
3784879.25, 7113478.00
3787578.50, 16221226.00
3790155.50, 5427376.00
3794972.50, 7215939.00
3809230.00, 3189659.00
3811468.25, 16499410.00
3816011.00, 18486960.00
3826377.25, 16694551.00
3850252.75, 20829406.00
3852979.50, 13401775.00
3856596.75, 4017390.00
3871328.25, 9791075.00
3878959.75, 4943869.00
3879001.50, 19216902.00
3879096.00, 1541893.25
3901010.50, 8764192.00
3902536.00, 891700.31
3904831.25, 9381669.00
3908870.75, 20327352.00
3912155.00, 5308368.00
3926028.50, 18223644.00
3928194.50, 18131144.00
3930701.50, 12331553.00
3935821.00, 20619524.00
3950497.25, 9940993.00
3954593.50, 11525908.00
3966446.50, 1438722.25
3982224.75, 1373244.75
3994151.75, 3960868.50
4005665.50, 6866925.00
4006235.50, 8979280.00
4007961.50, 6904478.50
4009105.50, 4430932.50
4028544.00, 14953871.00
4030787.25, 3651159.25
4032715.25, 9888650.00
4065683.25, 19914462.00
4075952.25, 12357999.00
4076586.50, 6858484.00
4099283.00, 8448941.00
4103825.00, 12410030.00
4110555.75, 8837770.00
4124861.50, 15321336.00
4150611.25, 3168606.50
4179975.25, 246447.08
4184217.50, 12161021.00
4214634.00, 10835684.00
4222643.00, 7403347.00
4240111.00, 2221843.75
4255068.00, 20255096.00
4276244.00, 7555967.50
4276373.00, 6742408.50
4281732.00, 15348111.00
4285334.00, 11402419.00
4322848.50, 14735759.00
4326632.50, 9332682.00
4331997.50, 12379626.00
4334649.50, 20408218.00
4342473.50, 8854196.00
4360197.00, 9845412.00
4367971.00, 10442852.00
4376757.00, 11400015.00
4376958.00, 16237638.00
4383704.50, 15506109.00
4384053.00, 9716965.00
4395301.00, 541618.38
4405144.50, 16928738.00
4417175.00, 19496266.00
4426516.00, 11097279.00
4430998.50, 7760521.00
4448787.00, 18956728.00
4456302.50, 8852573.00
4471768.50, 371711.53
4489426.00, 1199443.50
4502535.50, 2082711.62
4513375.50, 10292554.00
4529912.00, 8579372.00
4540210.00, 13764088.00
4542579.00, 9041747.00
4544630.50, 20769046.00
4545938.00, 16029206.00
4554403.00, 11181421.00
4556692.00, 19256916.00
4568374.00, 20916476.00
4571158.50, 237059.88
4574353.00, 7010930.50
4580276.00, 15295607.00
4584357.00, 3619891.25
4584661.00, 11330586.00
4587228.00, 20773612.00
4599151.00, 8758913.00
4613287.50, 17005654.00
4625214.00, 15876438.00
4637437.00, 12540719.00
4650401.00, 18515258.00
4659052.00, 6813175.50
4682413.00, 19890528.00
4716457.50, 9366836.00
4717096.00, 11840590.00
4718899.00, 5956263.00
4732327.50, 1537029.50
4738444.50, 4935721.00
4751633.50, 8866845.00
4758392.50, 15000923.00
4758573.00, 3436016.25
4765118.00, 19571604.00
4767392.50, 9066362.00
4788183.50, 6095600.50
4790514.00, 18969342.00
4802017.00, 19469772.00
4811939.00, 18425248.00
4813340.50, 5979678.50
4815831.00, 20310160.00
4821109.50, 8017296.00
4827327.50, 10771535.00
4833924.00, 13653722.00
4853755.00, 4013441.25
4857862.00, 17718620.00
4860914.00, 20889038.00
4870649.00, 5043407.00
4890633.00, 18359964.00
4894141.00, 13892916.00
4900372.50, 5120850.00
4904078.00, 10353843.00
4917524.00, 4308532.50
4917826.50, 18516894.00
4927022.50, 1287133.00
4928862.00, 488712.59
4931978.00, 4622582.50
4933744.00, 13931807.00
4936629.00, 6299674.00
4937844.00, 3147313.00
4941781.00, 15990762.00
4949955.50, 6991252.50
4960094.00, 17638232.00
4997140.00, 21444696.00
4997303.50, 12479965.00
4999710.00, 830083.62
5001717.00, 18878474.00
5002415.50, 13023305.00
5006757.50, 11719226.00
5011957.00, 9389045.00
5025459.00, 8362996.00
5029346.00, 3939192.75
5045582.50, 1177532.38
5054901.50, 11229830.00
5069332.50, 10741665.00
5081310.00, 16782742.00
5084650.50, 19407006.00
5091163.00, 11692154.00
5091692.00, 5295672.00
5099789.00, 4351017.50
5106518.00, 9572193.00
5121060.50, 10826006.00
5129933.50, 18813378.00
5135192.00, 21012120.00
5135825.50, 17882384.00
5143777.50, 601.23
5149179.50, 5245891.00
5151451.00, 17070760.00
5158445.00, 11956468.00
5179028.50, 18674384.00
5196189.00, 974743.38
5204431.00, 9749656.00
5206018.50, 17146342.00
5211178.00, 12774495.00
5221656.00, 6290518.50
5231481.00, 14674285.00
5243125.50, 12464744.00
5263669.00, 13249614.00
5280506.00, 2461606.00
5285891.00, 13117734.00
5313886.50, 10163550.00
5318512.50, 1796726.50
5319011.50, 5427753.50
5342419.50, 14374593.00
5352924.00, 18924532.00
5359684.00, 14115670.00
5381819.00, 11701142.00
5388666.00, 10555071.00
5391141.00, 3783930.50
5393418.00, 907481.50
5394761.50, 16575745.00
5404258.00, 18086666.00
5404279.50, 4986480.50
5413530.00, 16215826.00
5418814.00, 19602342.00
5424701.50, 13474468.00
5444601.50, 18311542.00
5452298.00, 19506078.00
5458913.50, 5743358.50
5462427.00, 17630888.00
5467719.50, 17907636.00
5474537.50, 20751328.00
5479083.50, 14224252.00
5502485.00, 3191935.75
5506217.50, 8603873.00
5513865.50, 10082040.00
5521156.00, 21002232.00
5533632.00, 16305896.00
5536193.50, 12727567.00
5540447.50, 12577078.00
5544459.50, 17853648.00
5552331.00, 1158189.62
5556463.50, 18679320.00
5557458.00, 10236372.00
5587256.50, 1651327.00
5589652.00, 20189332.00
5592623.50, 2299332.25
5610400.50, 12838815.00
5617372.00, 9162903.00
5623209.50, 2468432.00
5628740.00, 20284712.00
5646945.50, 10892540.00
5648272.50, 8914327.00
5662158.00, 2886950.00
5662675.00, 7132649.00
5665646.00, 17154198.00
5691890.50, 3104253.00
5696376.50, 3881666.00
5700949.00, 3628682.00
5705524.00, 19458846.00
5707154.00, 20931970.00
5714343.00, 21146364.00
5716448.00, 21082346.00
5734336.00, 7172663.00
5735531.50, 19435126.00
5751588.00, 11015956.00
5754110.00, 3900286.00
5758766.50, 18339144.00
5787410.50, 20360590.00
5789242.00, 20243660.00
5798996.50, 1861835.88
5810627.00, 17085854.00
5811833.50, 13620225.00
5816614.50, 13304274.00
5823150.00, 8555130.00
5850960.00, 1134552.50
5853093.00, 19132322.00
5861027.00, 11779946.00
5869003.50, 6362808.50
5869264.50, 16680381.00
5884914.50, 6659872.00
5887163.50, 7842748.00
5889925.00, 2113561.50
5892830.50, 20961544.00
5905785.00, 17577218.00
5926573.00, 2891879.25
5946866.00, 3012875.00
5958111.50, 3014415.25
5961255.00, 2546887.25
5961351.50, 5740058.00
5977118.00, 6301922.50
5982025.00, 10586964.00
6008379.00, 1022364.19
6012688.50, 7765632.00
6016114.50, 10046829.00
6035577.50, 910652.31
6037481.00, 19618874.00
6041675.50, 19773294.00
6048011.50, 16718844.00
6059197.50, 649719.94
6059602.00, 15925929.00
6071514.00, 16057038.00
6084136.50, 7192273.50
6104951.50, 4805389.00
6116963.00, 18409994.00
6144870.00, 486266.75
6146417.50, 1441551.50
6150302.50, 3106476.75
6168494.50, 20724130.00
6176640.00, 18933128.00
6178614.00, 16710501.00
6182173.00, 7744177.50
6184946.00, 12268769.00
6189089.50, 1868129.88
6189817.50, 13868712.00
6190092.00, 17519498.00
6211498.00, 11096666.00
6220197.00, 17245392.00
6241663.50, 19100642.00
6245684.00, 2245325.75
6249138.00, 4080119.25
6257777.50, 19229154.00
6264194.50, 5795472.00
6272573.00, 12771855.00
6276804.50, 10160154.00
6282680.50, 976736.62
6286045.50, 6594030.00
6287124.50, 15269865.00
6287246.50, 17125274.00
6293711.50, 11790537.00
6305668.50, 8056370.00
6306956.00, 21085278.00
6310329.00, 14886456.00
6313622.00, 8357734.00
6317769.50, 2833171.50
6318152.50, 18366248.00
6342172.00, 4040494.00
6343334.00, 13859634.00
6344391.50, 6525977.50
6344567.00, 12803610.00
6354537.00, 3407896.75
6357517.00, 8182886.50
6391778.50, 20659100.00
6408745.00, 15395313.00
6411634.50, 18620838.00
6421897.50, 10135224.00
6425835.50, 19792998.00
6431685.00, 10274197.00
6452599.00, 7935036.00
6456328.50, 21436856.00
6462699.50, 3305987.50
6474240.50, 18970872.00
6477946.00, 11630275.00
6484692.50, 18596444.00
6490267.50, 10028423.00
6491195.00, 863286.25
6499563.50, 19372238.00
6504070.00, 2205173.00
6508798.50, 21139376.00
6545725.50, 2052745.75
6554521.50, 2943321.25
6557055.50, 3857797.75
6559065.00, 1554956.50
6561706.00, 20646044.00
6563755.50, 11679081.00
6565391.50, 8953271.00
6586558.50, 12055096.00
6589974.00, 5246994.00
6590569.50, 12641499.00
6592320.00, 595238.50
6594631.00, 17154446.00
6623537.50, 18555482.00
6631705.00, 1623179.50
6645703.50, 570493.12
6654265.50, 9499871.00
6656318.50, 5889608.50
6670432.50, 6524292.00
6671381.00, 11246314.00
6700664.50, 7871997.00
6722640.00, 18215724.00
6728868.00, 4854807.50
6732229.00, 9052449.00
6737760.50, 16387247.00
6744290.50, 2449354.00
6747781.00, 12282858.00
6749739.00, 434597.00
6756273.50, 12563329.00
6769051.50, 2840275.00
6782469.00, 15164184.00
6804112.00, 15114711.00
6824052.50, 2181065.00
6840485.00, 4463944.50
6843277.00, 11431995.00
6851510.00, 18527624.00
6853346.50, 4886088.50
6856741.00, 6147723.50
6858102.50, 19518234.00
6897564.00, 12155302.00
6915386.00, 20621840.00
6929114.00, 21213942.00
6936502.00, 7376256.50
6946022.00, 8132315.00
6955566.50, 1463487.62
6969750.50, 18297842.00
6988798.00, 4202224.50
7059224.50, 11324663.00
7062286.50, 15874947.00
7108370.50, 5605456.00
7116903.00, 14333554.00
7118463.50, 9688445.00
7125568.50, 15631320.00
7125981.00, 17115560.00
7126355.00, 9014242.00
7140778.00, 9521350.00
7141537.50, 399953.69
7142840.50, 12197937.00
7158351.50, 20190942.00
7168148.00, 5286295.50
7184536.50, 14803510.00
7188699.50, 13957778.00
7203325.50, 6405448.50
7204112.00, 10117587.00
7215847.00, 12012902.00
7236040.50, 15244814.00
7236559.50, 3058496.00
7238045.00, 11033453.00
7243329.50, 9924922.00
7262710.00, 9806298.00
7272952.50, 11730586.00
7274811.50, 3298750.50
7277848.50, 14787101.00
7282323.00, 3201725.00
7291694.50, 9592902.00
7297066.00, 3842928.75
7305644.00, 17762870.00
7306505.50, 20862424.00
7306914.50, 7342077.50
7315133.00, 15961028.00
7328869.00, 10609180.00
7332206.00, 643177.50
7335789.50, 6970868.00
7373228.00, 21053940.00
7406361.00, 20903646.00
7412404.00, 14953357.00
7415894.00, 19368500.00
7416217.00, 14548955.00
7416627.00, 16925018.00
7438519.00, 9641901.00
7443506.50, 21022580.00
7459557.00, 2959997.50
7471718.00, 14077028.00
7479332.50, 9261642.00
7483003.00, 14467461.00
7504703.50, 17310078.00
7527332.00, 21317812.00
7527775.50, 7465452.00
7554398.50, 4158236.75
7559437.00, 15591636.00
7571297.50, 15879796.00
7577017.50, 3474112.75
7578471.50, 19922224.00
7589553.50, 19220108.00
7620591.50, 14753921.00
7631672.50, 12709903.00
7634150.50, 15778380.00
7660110.50, 9158885.00
7660208.00, 11827708.00
7689913.50, 16700291.00
7692251.50, 18989110.00
7729268.50, 17677528.00
7739062.50, 4312738.50
7746676.00, 381936.03
7757816.50, 9292129.00
7758468.00, 9739710.00
7765077.00, 11687706.00
7765668.00, 10318207.00
7778913.50, 7092532.50
7786174.00, 5910614.50
7788102.00, 5688073.50
7791412.50, 1848204.75
7792327.00, 18319646.00
7793728.50, 15221565.00
7794421.00, 3683321.50
7811590.50, 9219013.00
7828653.00, 18454826.00
7831861.00, 19717780.00
7833847.50, 16983648.00
7834377.00, 2899013.00
7843458.50, 6512282.00
7849868.00, 13582145.00
7864554.00, 5317678.50
7887895.50, 1633697.12
7892534.00, 6680021.00
7905028.00, 3536256.75
7909170.50, 3547621.00
7924012.00, 16170392.00
7930184.50, 9999692.00
7930681.50, 6559771.50
7932497.50, 15618008.00
7962663.50, 16225196.00
7977926.50, 2813974.50
7984950.50, 16428412.00
8017454.50, 14481256.00
8024390.00, 5385604.50
8030222.50, 14085692.00
8034034.50, 380630.59
8047447.00, 20091078.00
8069947.00, 5776128.50
8087118.50, 4852548.00
8097410.00, 11237710.00
8111554.50, 3321689.50
8128738.00, 14613857.00
8137058.00, 10816188.00
8148070.00, 4826238.50
8157878.50, 12601769.00
8163160.50, 5597890.00
8164538.00, 7460542.50
8169619.00, 1931784.50
8169929.00, 9909270.00
8174326.50, 6856474.00
8181890.50, 11727347.00
8187545.00, 14630350.00
8190756.00, 15982540.00
8198114.50, 11483786.00
8202290.00, 12422116.00
8210742.50, 16600086.00
8220750.50, 8460090.00
8230681.00, 2178295.00
8251331.00, 7279111.00
8260237.50, 1998356.75
8284030.00, 7558734.00
8285393.50, 5344206.00
8288713.50, 4050081.25
8307811.00, 19892098.00
8321663.50, 16978924.00
8325909.00, 9233108.00
8331266.50, 11679122.00
8331705.00, 10156938.00
8336738.00, 9117836.00
8343866.00, 15835306.00
8344806.50, 15140154.00
8349458.00, 14687192.00
8351040.50, 18027032.00
8365255.50, 16315817.00
8390949.00, 6087309.00
8395873.00, 11937225.00
8414995.00, 14198136.00
8422913.00, 6912066.00
8429375.00, 16997900.00
8438818.00, 9915815.00
8471240.00, 7818336.00
8471583.00, 16654284.00
8472888.00, 183725.42
8495155.00, 7020545.50
8496533.00, 422080.53
8511218.00, 15489165.00
8511715.00, 8849747.00
8512685.00, 403623.72
8514447.00, 19407156.00
8524195.00, 10075502.00
8536580.00, 18544232.00
8536888.00, 8879731.00
8539630.00, 12988206.00
8546390.00, 17279486.00
8551878.00, 3981166.75
8552335.00, 20342330.00
8555487.00, 10510289.00
8555849.00, 8219646.00
8558275.00, 20814298.00
8562653.00, 12717500.00
8572842.00, 3123118.75
8573565.00, 2403540.75
8577357.00, 1016779.44
8582104.00, 14105710.00
8591208.00, 5363292.00
8604959.00, 19420674.00
8631087.00, 5863520.50
8643750.00, 6187265.50
8652964.00, 11699936.00
8664056.00, 1100002.25
8710393.00, 11490589.00
8713901.00, 20890568.00
8715750.00, 3979869.50
8717924.00, 13002692.00
8731358.00, 3426067.75
8731428.00, 5110056.50
8737866.00, 16445132.00
8745155.00, 11337516.00
8758099.00, 1574713.00
8762202.00, 3302698.25
8771675.00, 8292491.00
8775501.00, 7939057.50
8786044.00, 7818413.50
8788371.00, 15722460.00
8789187.00, 4944585.50
8795073.00, 20948762.00
8796658.00, 17623466.00
8801530.00, 16397281.00
8806570.00, 15343370.00
8809517.00, 4851285.00
8811406.00, 11609846.00
8827711.00, 3704761.50
8832929.00, 19945192.00
8835568.00, 16130612.00
8839419.00, 2903226.25
8839946.00, 9643614.00
8841576.00, 3148774.00
8845336.00, 10952293.00
8845471.00, 17893612.00
8871094.00, 18107302.00
8907833.00, 16092067.00
8922732.00, 21151336.00
8923242.00, 9096513.00
8949891.00, 17525930.00
8967718.00, 3978234.00
8972188.00, 8633841.00
8976299.00, 15423114.00
8982867.00, 13953093.00
8987620.00, 5525602.00
9011144.00, 20357014.00
9025713.00, 20189248.00
9029180.00, 8027350.00
9029838.00, 2901237.00
9031320.00, 3344720.75
9035039.00, 3552629.50
9054584.00, 8099194.00
9072863.00, 1906659.25
9080883.00, 21308130.00
9098804.00, 15075109.00
9119837.00, 3408176.00
9120418.00, 18972020.00
9147283.00, 12006396.00
9147939.00, 6055120.50
9148803.00, 15341631.00
9152182.00, 1708123.25
9158385.00, 4876320.50
9167939.00, 3370300.75
9175597.00, 10013114.00
9197121.00, 830114.38
9200750.00, 6283549.00
9201085.00, 12216398.00
9206702.00, 5097291.00
9223175.00, 1980228.00
9234175.00, 3114104.00
9243692.00, 17621550.00
9257018.00, 15827345.00
9257549.00, 11167069.00
9258323.00, 5161738.50
9270340.00, 13152259.00
9293552.00, 15914.21
9297508.00, 17429940.00
9314292.00, 1410144.38
9321361.00, 13268218.00
9324796.00, 6649067.50
9327313.00, 9399046.00
9331515.00, 96415.74
9333866.00, 8641740.00
9339732.00, 641831.25
9355233.00, 15675084.00
9361393.00, 20199240.00
9364876.00, 18298120.00
9377407.00, 12216675.00
9378772.00, 16431493.00
9378783.00, 8569.89
9384860.00, 16076138.00
9387903.00, 6630882.00
9405667.00, 4167901.75
9439315.00, 4465509.50
9440570.00, 15586730.00
9442120.00, 9889060.00
9448993.00, 19960238.00
9466140.00, 9789770.00
9471948.00, 18199940.00
9475240.00, 4264858.00
9488033.00, 12743384.00
9491610.00, 17192766.00
9522833.00, 8491152.00
9526220.00, 16195731.00
9559332.00, 12333138.00
9564377.00, 15063300.00
9566444.00, 11775286.00
9594003.00, 20672184.00
9604777.00, 1236301.88
9607500.00, 2268181.00
9617843.00, 5924693.00
9619823.00, 8166688.00
9624685.00, 16715972.00
9625212.00, 16840052.00
9643618.00, 14553142.00
9646472.00, 19044606.00
9653019.00, 11691165.00
9655260.00, 17501528.00
9657224.00, 20751942.00
9661818.00, 6347469.50
9662332.00, 10979793.00
9672769.00, 18842296.00
9675615.00, 1833863.25
9675888.00, 12341217.00
9696727.00, 2832037.50
9697127.00, 10170792.00
9710638.00, 13091273.00
9720548.00, 21417808.00
9725300.00, 10311720.00
9738571.00, 11313708.00
9741227.00, 14349176.00
9742693.00, 16486515.00
9758475.00, 12412335.00
9761716.00, 1811256.12
9768148.00, 19935116.00
9773549.00, 2453890.75
9779722.00, 4955981.00
9781345.00, 8089820.00
9814522.00, 13464233.00
9820893.00, 10205029.00
9833497.00, 6007333.00
9838863.00, 13640099.00
9839509.00, 11863775.00
9842366.00, 4256336.50
9849623.00, 18981164.00
9851603.00, 14120424.00
9858458.00, 9327513.00
9874304.00, 9176141.00
9878920.00, 989367.19
9890215.00, 3553989.75
9891665.00, 1814917.75
9895891.00, 13998255.00
9897920.00, 12835091.00
9908045.00, 18702996.00
9910801.00, 8214098.50
9912114.00, 19926390.00
9928813.00, 8945959.00
9929158.00, 19390760.00
9933235.00, 1304143.88
9936014.00, 17799514.00
9940717.00, 8857103.00
9945306.00, 3471833.50
9948303.00, 9990973.00
9963837.00, 20163266.00
9968719.00, 2719230.75
9993236.00, 18500266.00
9994170.00, 21126984.00
10003437.00, 7040865.50
10020833.00, 21469728.00
10043624.00, 2626054.00
10060338.00, 20416728.00
10066868.00, 19667328.00
10085113.00, 20983184.00
10092806.00, 2388920.00
10097732.00, 17086200.00
10103396.00, 19222324.00
10115181.00, 7806562.00
10125308.00, 1613998.38
10125709.00, 2727257.50
10135749.00, 11429129.00
10138721.00, 19695860.00
10144352.00, 6769299.00
10157904.00, 5524758.50
10171443.00, 8253008.50
10178696.00, 848811.06
10186748.00, 1107900.50
10198281.00, 17263046.00
10218979.00, 16186333.00
10231544.00, 7966950.50
10233965.00, 20751510.00
10241956.00, 18481470.00
10253245.00, 2604376.50
10297921.00, 5100205.50
10310060.00, 5919535.50
10315747.00, 7104031.50
10330475.00, 19074536.00
10342169.00, 6269746.00
10354079.00, 9163235.00
10357393.00, 4188970.50
10365802.00, 2315639.50
10368403.00, 3323632.00
10373964.00, 11532847.00
10374121.00, 12174214.00
10381491.00, 12460899.00
10387434.00, 3380568.25
10401773.00, 10195027.00
10412237.00, 11723108.00
10416659.00, 11837742.00
10421229.00, 9476344.00
10425020.00, 7998071.00
10430912.00, 18108760.00
10434607.00, 6632132.00
10438931.00, 13981064.00
10439949.00, 21093478.00
10456486.00, 9132355.00
10463990.00, 14035812.00
10464695.00, 18168816.00
10478825.00, 15165914.00
10480537.00, 20698798.00
10498924.00, 21278918.00
10498954.00, 1741116.75
10499850.00, 16297595.00
10501717.00, 8634825.00
10509391.00, 3627429.50
10510531.00, 11509010.00
10511761.00, 16198115.00
10518024.00, 19333306.00
10525489.00, 13355980.00
10534192.00, 7946750.00
10535263.00, 2230397.75
10543636.00, 15863451.00
10556811.00, 7297328.00
10557642.00, 21073056.00
10560612.00, 10586961.00
10560973.00, 14201208.00
10567990.00, 12851185.00
10580588.00, 1225182.25
10586744.00, 15534086.00
10594097.00, 6875380.50
10595037.00, 14319642.00
10631324.00, 10900773.00
10636008.00, 13194152.00
10636808.00, 14745708.00
10638360.00, 11958104.00
10644031.00, 12765450.00
10644592.00, 14140998.00
10644716.00, 12785536.00
10656618.00, 14903912.00
10670826.00, 20976254.00
10672009.00, 17466618.00
10675617.00, 10438292.00
10685763.00, 983218.81
10692852.00, 13897996.00
10701267.00, 18732808.00
10701960.00, 10890778.00
10717912.00, 7643055.50
10719036.00, 17022552.00
10758006.00, 21134072.00
10765710.00, 9210117.00
10768353.00, 14034737.00
10775602.00, 18450974.00
10778476.00, 10153803.00
10779913.00, 1552774.75
10781024.00, 1123922.75
10782198.00, 14672334.00
10796772.00, 13308776.00
10798729.00, 4264656.00
10823800.00, 5568396.00
10823889.00, 8229362.00
10825203.00, 5608054.50
10831414.00, 1937220.50
10834569.00, 3817966.75
10836151.00, 1050097.50
10837861.00, 21168466.00
10855671.00, 2276944.75
10868710.00, 1839960.50
10872078.00, 19876020.00
10872403.00, 14296566.00
10886588.00, 1848649.75
10895611.00, 18635280.00
10898034.00, 1760928.00
10904840.00, 10574813.00
10931594.00, 331386.09
10936680.00, 21427004.00
10939808.00, 18226292.00
10950016.00, 14374968.00
10956508.00, 10233513.00
10970141.00, 10305573.00
10977193.00, 17409598.00
10977245.00, 6105503.50
10996568.00, 21132502.00
10999409.00, 2692154.50
11011837.00, 2780403.75
11012572.00, 17514728.00
11021578.00, 16418058.00
11023244.00, 13507912.00
11025626.00, 4756953.50
11044941.00, 5179829.50
11047686.00, 6948650.00
11053161.00, 5299062.00
11056218.00, 5670610.00
11059272.00, 20209166.00
11077935.00, 20849282.00
11097778.00, 5689327.50
11104622.00, 4026331.25
11110953.00, 5196710.00
11127946.00, 18305938.00
11130531.00, 16282889.00
11131139.00, 19606990.00
11154213.00, 10728471.00
11155186.00, 4217292.00
11164040.00, 4102417.50
11164874.00, 19300070.00
11175488.00, 14973350.00
11177508.00, 10988581.00
11184151.00, 447631.09
11186104.00, 3685314.25
11209097.00, 15141477.00
11209774.00, 17323284.00
11214836.00, 2140678.50
11218653.00, 7218415.50
11221016.00, 11295885.00
11230772.00, 14202935.00
11235240.00, 10019138.00
11241143.00, 17436682.00
11246962.00, 15489254.00
11257144.00, 5981418.00
11258980.00, 8306758.50
11292161.00, 3918823.75
11302213.00, 15239241.00
11326647.00, 15137594.00
11330815.00, 6424304.00
11336127.00, 5594098.50
11347261.00, 3622851.75
11352343.00, 8835165.00
11359100.00, 21412344.00
11361416.00, 13384460.00
11368270.00, 14526428.00
11379923.00, 2986647.25
11393408.00, 18064374.00
11402506.00, 17652646.00
11404172.00, 3933770.50
11417295.00, 9731728.00
11417344.00, 13220324.00
11423900.00, 2126323.25
11432081.00, 215466.69
11438688.00, 15097615.00
11441821.00, 17333052.00
11445754.00, 5694820.50
11448980.00, 7112683.50
11449804.00, 6024132.00
11455443.00, 20810012.00
11456033.00, 19059964.00
11463651.00, 15132737.00
11482472.00, 5947283.00
11486106.00, 9317631.00
11495219.00, 17878754.00
11502286.00, 14213937.00
11504036.00, 4652065.00
11508397.00, 14585437.00
11509167.00, 5172146.50
11510819.00, 15411380.00
11540663.00, 14693039.00
11551373.00, 2962494.75
11552613.00, 13155841.00
11572887.00, 11097906.00
11574433.00, 19256248.00
11615165.00, 14363068.00
11628673.00, 17491304.00
11642353.00, 12036632.00
11642858.00, 2449103.75
11653885.00, 3095515.25
11655223.00, 2796793.25
11659342.00, 10566849.00
11674831.00, 13581279.00
11675060.00, 20597630.00
11679276.00, 15317745.00
11687352.00, 4480888.00
11723677.00, 6982781.50
11733925.00, 2394083.75
11740545.00, 5829978.00
11762555.00, 11925661.00
11783008.00, 3427769.00
11791373.00, 15124481.00
11793766.00, 15241888.00
11799821.00, 3586423.25
11802587.00, 3003853.75
11813605.00, 14174280.00
11815633.00, 7460616.50
11816000.00, 13019254.00
11832952.00, 10403393.00
11837571.00, 14730939.00
11841996.00, 4902928.50
11861212.00, 8853574.00
11864223.00, 10891508.00
11884285.00, 6539274.00
11895195.00, 1662821.62
11951363.00, 13578689.00
11965375.00, 18545314.00
11966847.00, 3421745.25
11974058.00, 1407989.25
11982397.00, 651088.44
11982796.00, 4536231.50
11997348.00, 13009755.00
11997714.00, 10932547.00
12003987.00, 18772850.00
12008512.00, 14813738.00
12015292.00, 16209627.00
12036710.00, 4556937.00
12040634.00, 3575496.75
12062755.00, 11429823.00
12108292.00, 20649962.00
12125921.00, 11304925.00
12138171.00, 6621190.50
12144623.00, 14225563.00
12148941.00, 6927652.50
12161752.00, 3787873.25
12164385.00, 19469022.00
12172815.00, 10534559.00
12174153.00, 8360628.00
12177103.00, 11853571.00
12204952.00, 15646595.00
12226732.00, 2418336.00
12243174.00, 16129558.00
12246426.00, 11275551.00
12249818.00, 14306218.00
12257545.00, 16029398.00
12264689.00, 14729929.00
12279007.00, 18847764.00
12301714.00, 17322470.00
12305970.00, 13647039.00
12308154.00, 21068798.00
12314193.00, 9457760.00
12321169.00, 20880798.00
12328524.00, 7961294.50
12348264.00, 21276420.00
12356113.00, 16276927.00
12376566.00, 18458536.00
12394644.00, 9289818.00
12401770.00, 613361.50
12403405.00, 6695876.00
12411151.00, 6882393.00
12440997.00, 11790150.00
12447908.00, 4984416.50
12448396.00, 13895867.00
12450541.00, 5844508.00
12478835.00, 10522102.00
12507107.00, 5974963.00
12518771.00, 18176584.00
12524276.00, 10541341.00
12548136.00, 8343945.00
12554427.00, 4228005.00
12564077.00, 14638452.00
12571917.00, 6971927.50
12573440.00, 7950410.00
12608616.00, 7285046.50
12614788.00, 5388612.00
12637742.00, 4875580.00
12648252.00, 7991344.50
12648918.00, 12606360.00
12665224.00, 6689185.50
12675377.00, 2609792.00
12676493.00, 15402799.00
12703020.00, 2611454.00
12717165.00, 21312808.00
12731305.00, 9932497.00
12734863.00, 10128435.00
12749967.00, 7100989.00
12755475.00, 15373797.00
12759373.00, 9703662.00
12761980.00, 18335070.00
12763680.00, 445260.25
12763777.00, 18854494.00
12780058.00, 16712818.00
12795227.00, 110530.32
12809098.00, 18692040.00
12811791.00, 245603.48
12813167.00, 6091406.00
12814277.00, 5712861.00
12816435.00, 18553886.00
12816938.00, 17489530.00
12822420.00, 15485356.00
12827164.00, 13905217.00
12834836.00, 18655040.00
12838267.00, 5759957.00
12838904.00, 18255966.00
12855288.00, 11105746.00
12879996.00, 6901289.50
12881750.00, 1841102.88
12888343.00, 3522078.00
12897317.00, 16169615.00
12897597.00, 13268564.00
12907491.00, 370606.72
12911017.00, 9566069.00
12922547.00, 1123808.00
12922757.00, 1099580.50
12934565.00, 18299290.00
12940148.00, 3510376.75
12946500.00, 17447084.00
12951049.00, 1742921.88
12961149.00, 19810690.00
12966189.00, 569021.19
12969066.00, 4567309.00
12970473.00, 18066632.00
12996989.00, 950626.50
12999003.00, 16193830.00
13004132.00, 4214420.50
13015030.00, 6500059.50
13017677.00, 11124005.00
13021381.00, 1373832.38
13023520.00, 18996334.00
13028410.00, 9871324.00
13044393.00, 5774480.50
13044759.00, 7079622.50
13052717.00, 2065684.62
13058578.00, 471139.47
13072868.00, 19285730.00
13087235.00, 13783901.00
13108390.00, 19723104.00
13120924.00, 14269677.00
13124184.00, 2886635.00
13133848.00, 18452374.00
13139754.00, 12810216.00
13140513.00, 3066516.25
13144140.00, 21375430.00
13144261.00, 11224125.00
13148352.00, 4254607.50
13151862.00, 16765510.00
13155675.00, 5864265.50
13163027.00, 11433798.00
13166879.00, 11647206.00
13192467.00, 19074000.00
13198232.00, 17773806.00
13202977.00, 17481494.00
13204480.00, 2290981.50
13217891.00, 11713574.00
13266111.00, 912293.25
13267340.00, 3365325.75
13287887.00, 3361444.50
13289693.00, 2276647.25
13289875.00, 15045068.00
13328170.00, 6677036.00
13335488.00, 12105764.00
13338935.00, 1732264.00
13350518.00, 3317911.00
13360072.00, 7931488.50
13383724.00, 5675991.00
13406034.00, 11334008.00
13416148.00, 7034914.00
13420049.00, 16677667.00
13425665.00, 21264262.00
13426455.00, 17346200.00
13433833.00, 10437841.00
13440797.00, 922949.69
13441382.00, 2652718.00
13453330.00, 1748658.25
13481229.00, 15120660.00
13482574.00, 5063499.00
13486536.00, 20763218.00
13507496.00, 9716640.00
13518063.00, 6209753.00
13527546.00, 4593346.00
13527822.00, 3668452.75
13536298.00, 16542244.00
13537897.00, 12138363.00
13540858.00, 6148315.50
13571437.00, 8516525.00
13572801.00, 12480330.00
13579648.00, 6713114.00
13592947.00, 9971850.00
13592974.00, 9629967.00
13599992.00, 10606796.00
13608449.00, 4849438.50
13621266.00, 16823960.00
13640095.00, 13242323.00
13651716.00, 12583277.00
13652031.00, 6556720.00
13659514.00, 18690024.00
13675224.00, 17965552.00
13679785.00, 7469913.50
13689275.00, 20414946.00
13691365.00, 21117480.00
13698423.00, 2832379.75
13700719.00, 17819934.00
13710122.00, 7819650.50
13710337.00, 6411748.50
13714586.00, 17973474.00
13717093.00, 3650951.25
13717110.00, 16554615.00
13722652.00, 14910522.00
13726454.00, 13049943.00
13726787.00, 17821192.00
13736772.00, 1937950.38
13739693.00, 17427440.00
13741018.00, 2974084.75
13748739.00, 7500626.50
13749332.00, 11155282.00
13754522.00, 7034649.50
13758959.00, 16924178.00
13764397.00, 7216154.00
13773432.00, 12987894.00
13791448.00, 1321883.50
13796754.00, 13376511.00
13802492.00, 6992692.50
13805889.00, 5883042.50
13806479.00, 13269153.00
13814724.00, 1826515.50
13823308.00, 12015825.00
13860516.00, 10059507.00
13869731.00, 12521156.00
13872370.00, 19341598.00
13879302.00, 5519929.00
13881143.00, 3011555.50
13887944.00, 691000.56
13899575.00, 1311983.25
13915382.00, 9000162.00
13921521.00, 17704096.00
13933420.00, 8867044.00
13934715.00, 11706441.00
13937733.00, 20984436.00
13943112.00, 7629626.00
13943418.00, 3231262.00
13945080.00, 20187642.00
13948406.00, 7484487.00
13952291.00, 11403825.00
13966477.00, 12403764.00
13978214.00, 20991590.00
13982195.00, 11613928.00
13988836.00, 12664457.00
13998580.00, 2910614.75
14042420.00, 4697920.50
14047912.00, 20233448.00
14054867.00, 6445317.00
14056796.00, 12619007.00
14064797.00, 18388976.00
14065020.00, 9371814.00
14070916.00, 1919435.88
14075208.00, 14993443.00
14085155.00, 18246152.00
14113330.00, 12758182.00
14116172.00, 6804661.00
14134856.00, 20776136.00
14135251.00, 2765491.50
14136394.00, 10798271.00
14138280.00, 19827306.00
14143869.00, 5595776.00
14145940.00, 13491489.00
14147514.00, 2588127.00
14154102.00, 5745020.00
14171360.00, 13780302.00
14193836.00, 12698427.00
14196105.00, 16737252.00
14199173.00, 5887741.50
14213115.00, 1569914.38
14226637.00, 644901.44
14230930.00, 19219368.00
14233646.00, 9498244.00
14235706.00, 20691358.00
14238141.00, 5041694.00
14240650.00, 19788134.00
14241844.00, 5821845.00
14241934.00, 11965711.00
14243242.00, 1648474.88
14244602.00, 4253619.50
14251601.00, 19160762.00
14265928.00, 15143401.00
14268250.00, 5657070.00
14272113.00, 20161080.00
14272667.00, 14210703.00
14283331.00, 9125422.00
14284479.00, 6716721.50
14293098.00, 4735631.50
14305353.00, 20350936.00
14313980.00, 2426626.75
14323886.00, 10094148.00
14333669.00, 16695825.00
14334440.00, 14181267.00
14335960.00, 4655182.50
14338332.00, 2363467.25
14338382.00, 3346403.50
14363544.00, 17947184.00
14365025.00, 143484.81
14366225.00, 12830796.00
14398868.00, 19246782.00
14402761.00, 21213644.00
14403997.00, 12803584.00
14406300.00, 6284570.00
14408010.00, 3044966.00
14412923.00, 11085180.00
14418988.00, 358214.97
14419625.00, 5439734.50
14447328.00, 19537652.00
14458230.00, 5786236.00
14463322.00, 9316303.00
14477056.00, 3519514.50
14478596.00, 5482851.00
14491323.00, 12159154.00
14492955.00, 10613960.00
14495626.00, 13787767.00
14495692.00, 2530140.00
14503013.00, 15058948.00
14504218.00, 16706403.00
14509212.00, 16680740.00
14515171.00, 13961806.00
14532250.00, 13410953.00
14544480.00, 12083603.00
14553175.00, 9908241.00
14555466.00, 4532133.00
14555521.00, 14970619.00
14559668.00, 197835.95
14560365.00, 308929.12
14577097.00, 1003131.44
14583380.00, 16758715.00
14593165.00, 3589277.00
14600420.00, 17400594.00
14603931.00, 10934164.00
14604637.00, 16249636.00
14619983.00, 21271948.00
14654683.00, 7828347.50
14656365.00, 568683.06
14672444.00, 7960374.50
14683903.00, 3159091.00
14688737.00, 15536818.00
14693395.00, 18055112.00
14693924.00, 20264300.00
14695250.00, 1524021.25
14700692.00, 8834577.00
14703197.00, 18325506.00
14723223.00, 669835.75
14727283.00, 15757203.00
14732728.00, 21058392.00
14739058.00, 16619515.00
14740948.00, 11542460.00
14745695.00, 5217896.50
14753389.00, 17900878.00
14757540.00, 19451218.00
14768636.00, 21114568.00
14776230.00, 14236792.00
14776644.00, 8197734.50
14777057.00, 12614431.00
14785377.00, 15242556.00
14788474.00, 1641304.62
14789580.00, 3614483.25
14798696.00, 1254832.75
14808484.00, 1431477.62
14813647.00, 189277.44
14814883.00, 2085239.00
14836301.00, 1858256.12
14870205.00, 16933766.00
14872146.00, 20677556.00
14876724.00, 16996232.00
14881258.00, 11686734.00
14890986.00, 572323.62
14897418.00, 15935564.00
14904579.00, 12186964.00
14906904.00, 10588091.00
14914659.00, 15824088.00
14917938.00, 8864084.00
14919944.00, 639083.75
14929148.00, 15095222.00
14964712.00, 4048103.00
14968923.00, 4488053.00
14969239.00, 20752232.00
14970592.00, 13075336.00
14971734.00, 6807138.50
14984371.00, 8186742.50
14999972.00, 14192090.00
15005693.00, 21443032.00
15009998.00, 18838170.00
15026784.00, 9526772.00
15035917.00, 6533579.00
15057535.00, 116339.59
15057924.00, 18977114.00
15060145.00, 9218422.00
15073133.00, 18280570.00
15085992.00, 6363810.00
15103497.00, 6668545.50
15112568.00, 1657498.38
15125330.00, 18846150.00
15136876.00, 3830764.75
15157110.00, 12469048.00
15167032.00, 6980055.00
15196500.00, 1209924.75
15199739.00, 21235112.00
15212731.00, 18625820.00
15220346.00, 18418084.00
15237097.00, 17939938.00
15243411.00, 8892224.00
15247356.00, 4434820.00
15259488.00, 11416004.00
15265708.00, 20612866.00
15273391.00, 20544558.00
15274455.00, 7824564.00
15279279.00, 7470922.00
15293340.00, 3010733.75
15328644.00, 12823341.00
15331069.00, 8476938.00
15336878.00, 17035046.00
15342792.00, 15792900.00
15346778.00, 12073300.00
15348630.00, 11617024.00
15362806.00, 1150184.75
15369384.00, 14393327.00
15387217.00, 17423840.00
15387580.00, 5312473.50
15436188.00, 11360177.00
15443137.00, 133433.72
15444458.00, 12274779.00
15446701.00, 9655414.00
15459223.00, 19220610.00
15460015.00, 15189133.00
15468029.00, 5757307.50
15469256.00, 13740628.00
15485800.00, 2271930.25
15494540.00, 12250071.00
15516123.00, 356993.75
15530225.00, 14776123.00
15533254.00, 9500052.00
15533559.00, 8601279.00
15545348.00, 2006126.12
15545670.00, 4581006.00
15547740.00, 5274370.00
15548695.00, 15605.84
15553761.00, 3729804.25
15569784.00, 2647906.00
15586807.00, 3308613.75
15587712.00, 15254506.00
15600389.00, 17439526.00
15602556.00, 1343644.38
15607357.00, 7510859.50
15623866.00, 13367218.00
15624781.00, 19184852.00
15628453.00, 6790610.50
15637260.00, 15851474.00
15644127.00, 7326717.00
15644820.00, 4722187.00
15653924.00, 14324573.00
15663653.00, 5437616.50
15668118.00, 15662039.00
15673070.00, 6481417.00
15678792.00, 1594535.62
15681984.00, 6814720.50
15684863.00, 1333156.88
15694548.00, 11378577.00
15716535.00, 20646572.00
15720410.00, 16439021.00
15721559.00, 2928794.25
15725508.00, 11411727.00
15746953.00, 19994746.00
15752047.00, 14519427.00
15754543.00, 19882956.00
15761014.00, 9759110.00
15766205.00, 18536148.00
15766273.00, 7796331.00
15767684.00, 18201728.00
15768078.00, 5269813.50
15777535.00, 4874629.00
15783668.00, 11133324.00
15807540.00, 2604660.25
15812663.00, 13073042.00
15813754.00, 9012417.00
15813848.00, 13832792.00
15814209.00, 8608238.00
15820256.00, 15020541.00
15835854.00, 1548450.50
15842808.00, 8854421.00
15856234.00, 1694306.75
15882020.00, 3404474.25
15883532.00, 5420945.50
15883722.00, 13949870.00
15899286.00, 10966662.00
15913167.00, 8787829.00
15918339.00, 8549773.00
15924051.00, 1923290.38
15934991.00, 11177293.00
15936195.00, 20503968.00
15937140.00, 4683718.00
15948884.00, 10388274.00
15958452.00, 17368336.00
15958729.00, 2632238.00
15968029.00, 11405940.00
15974085.00, 6606398.00
15979178.00, 16660408.00
15980607.00, 579316.12
15982337.00, 2273546.50
16017156.00, 13767084.00
16018541.00, 11178436.00
16025766.00, 20116696.00
16029901.00, 335047.06
16031460.00, 19730080.00
16040447.00, 7821017.50
16043971.00, 3592378.00
16047293.00, 6688788.00
16056558.00, 18152602.00
16090848.00, 17861298.00
16098710.00, 125445.90
16103667.00, 19083824.00
16103880.00, 12802186.00
16135250.00, 5274514.00
16139145.00, 9088869.00
16153740.00, 14286307.00
16159581.00, 8023104.00
16175967.00, 13929431.00
16177572.00, 20671934.00
16178266.00, 13996992.00
16211845.00, 13979699.00
16232084.00, 15205768.00
16246051.00, 4153359.25
16255715.00, 16621544.00
16259700.00, 3208189.00
16273228.00, 15122511.00
16278746.00, 5710370.50
16284755.00, 13672334.00
16289153.00, 13233695.00
16291130.00, 6635047.50
16303837.00, 3234041.00
16309696.00, 6531902.50
16321980.00, 19945036.00
16333157.00, 16771030.00
16337347.00, 14990042.00
16350054.00, 15819715.00
16360895.00, 7970897.50
16373293.00, 21172630.00
16383180.00, 12400300.00
16385614.00, 15629678.00
16413814.00, 21214580.00
16416047.00, 14803887.00
16416881.00, 14950751.00
16417267.00, 8444675.00
16417857.00, 5495950.50
16423187.00, 15056000.00
16424571.00, 13546029.00
16427450.00, 21351476.00
16429198.00, 3752931.00
16432220.00, 5646320.00
16437920.00, 6987104.00
16443640.00, 16220696.00
16455354.00, 21442502.00
16464262.00, 8839006.00
16474560.00, 3225507.75
16481997.00, 16782766.00
16493338.00, 1320207.00
16493740.00, 16888250.00
16494568.00, 2962429.75
16524901.00, 18768372.00
16532426.00, 19596838.00
16533275.00, 10439115.00
16533670.00, 3991291.75
16538570.00, 15708012.00
16538872.00, 6851261.50
16541402.00, 11027497.00
16577604.00, 7033975.50
16591053.00, 807914.56
16601700.00, 12502874.00
16614126.00, 19634176.00
16618801.00, 18604536.00
16619325.00, 17917034.00
16628869.00, 11942572.00
16633665.00, 13102259.00
16673172.00, 2630060.25
16681149.00, 14062862.00
16686522.00, 16012989.00
16694994.00, 3054167.00
16698952.00, 2562366.25
16712548.00, 1191783.25
16712820.00, 12792302.00
16717400.00, 14900513.00
16725495.00, 17419834.00
16745976.00, 5309912.00
16749098.00, 15173862.00
16752988.00, 11877025.00
16754153.00, 10369613.00
16771386.00, 8383191.00
16775155.00, 2681737.25
16778188.00, 9365555.00
16802246.00, 21237388.00
16804206.00, 11414566.00
16814412.00, 14041078.00
16826202.00, 20992168.00
16839794.00, 17214242.00
16840340.00, 20476994.00
16841966.00, 21084250.00
16848806.00, 19667974.00
16864052.00, 15215596.00
16865686.00, 10517261.00
16870058.00, 19417578.00
16874888.00, 17280920.00
16886072.00, 20001410.00
16890136.00, 18144612.00
16897760.00, 9163210.00
16900574.00, 9714916.00
16904030.00, 11039549.00
16907426.00, 13419657.00
16914722.00, 8361487.50
16919368.00, 20454802.00
16923870.00, 420338.19
16925336.00, 20506850.00
16927586.00, 16164493.00
16931628.00, 1189790.12
16948186.00, 4972039.50
16952006.00, 2655878.00
16959682.00, 9191476.00
16961256.00, 337212.81
16966968.00, 3177535.00
17002846.00, 11656136.00
17014486.00, 12906374.00
17015858.00, 15301710.00
17020794.00, 19365514.00
17025536.00, 13757332.00
17040112.00, 5620643.00
17040824.00, 13347201.00
17056730.00, 14437306.00
17063286.00, 8963806.00
17064552.00, 17388978.00
17069378.00, 18296478.00
17074668.00, 21323656.00
17077900.00, 8476259.00
17090584.00, 14789516.00
17114886.00, 14921011.00
17114970.00, 6401493.00
17122042.00, 12231054.00
17136102.00, 4800145.00
17147126.00, 9519217.00
17150460.00, 6385288.50
17167336.00, 3684735.75
17167390.00, 15741763.00
17194652.00, 9125820.00
17235262.00, 20842694.00
17250608.00, 15063825.00
17331224.00, 4904677.00
17342374.00, 4641840.00
17364908.00, 17665426.00
17365460.00, 2931114.50
17367614.00, 7061895.00
17369356.00, 5358830.00
17387582.00, 1957705.50
17421806.00, 4887619.00
17456272.00, 17922782.00
17466646.00, 9304798.00
17472704.00, 12418861.00
17474138.00, 16326024.00
17481394.00, 8622406.00
17520374.00, 16129996.00
17523646.00, 6802797.00
17532196.00, 4553213.50
17537072.00, 21410554.00
17540624.00, 11780572.00
17544962.00, 1806241.00
17551850.00, 8551226.00
17564042.00, 16347226.00
17576774.00, 6427650.00
17582988.00, 20473690.00
17583232.00, 17189766.00
17583516.00, 16296891.00
17593844.00, 20910106.00
17603106.00, 5957570.50
17606086.00, 18543512.00
17621554.00, 1651805.88
17622216.00, 21252306.00
17627230.00, 12791607.00
17628364.00, 8731611.00
17630970.00, 475813.69
17632840.00, 19533026.00
17644678.00, 1112184.12
17646114.00, 12577667.00
17654668.00, 9777019.00
17664386.00, 16416273.00
17674342.00, 11411576.00
17703256.00, 17340088.00
17703608.00, 14380323.00
17706556.00, 11482098.00
17728078.00, 1601819.50
17728784.00, 19446942.00
17729376.00, 11020701.00
17730438.00, 5218098.50
17730862.00, 17819008.00
17738450.00, 7549331.00
17740976.00, 8737814.00
17742234.00, 20597236.00
17749632.00, 8315806.00
17754754.00, 6435563.50
17760568.00, 13039616.00
17764666.00, 21035504.00
17776984.00, 17888124.00
17778828.00, 14379634.00
17782092.00, 9605498.00
17792632.00, 11205189.00
17813358.00, 15122559.00
17815966.00, 2777148.25
17825102.00, 8414774.00
17829200.00, 15184387.00
17839892.00, 7590359.00
17843958.00, 2641433.00
17869164.00, 9256364.00
17872182.00, 6413327.50
17874284.00, 17170016.00
17878776.00, 16532822.00
17878984.00, 11611878.00
17879334.00, 19889620.00
17881432.00, 7117359.50
17887672.00, 4954930.00
17892504.00, 8771681.00
17908802.00, 19981696.00
17913814.00, 1655130.50
17935494.00, 10007752.00
17940556.00, 19554136.00
17941396.00, 2845087.75
17961960.00, 11352710.00
17963306.00, 8985792.00
17970680.00, 20057478.00
17977798.00, 596065.81
18007980.00, 11768864.00
18008192.00, 3983591.25
18008704.00, 17692956.00
18012226.00, 12517302.00
18024844.00, 17701620.00
18049254.00, 5111343.50
18066752.00, 15588908.00
18066770.00, 7701475.00
18084082.00, 19235226.00
18092524.00, 5766669.50
18104450.00, 1174466.38
18121914.00, 13854738.00
18125242.00, 12120477.00
18126394.00, 16417056.00
18126534.00, 10669339.00
18140954.00, 12569066.00
18163938.00, 4473432.00
18164400.00, 3162597.75
18171178.00, 14359310.00
18212856.00, 17216152.00
18223732.00, 5697044.50
18230146.00, 1504740.00
18235984.00, 1044194.00
18236660.00, 21098238.00
18240378.00, 5066015.50
18240652.00, 8226837.00
18241244.00, 5800873.00
18245262.00, 18848138.00
18259230.00, 13231409.00
18286340.00, 18752160.00
18286682.00, 11148783.00
18317690.00, 16276435.00
18319070.00, 20329388.00
18334408.00, 9000728.00
18340008.00, 18589310.00
18344876.00, 715232.56
18351096.00, 13219994.00
18355144.00, 17982634.00
18407530.00, 20435810.00
18414606.00, 4849366.50
18418466.00, 8978825.00
18418846.00, 14370001.00
18441104.00, 13742045.00
18443846.00, 10761500.00
18454402.00, 18225378.00
18466036.00, 14996641.00
18469602.00, 4487287.50
18483670.00, 17490656.00
18486248.00, 15980780.00
18487136.00, 15540369.00
18493108.00, 15495859.00
18505374.00, 7748715.00
18508992.00, 18697762.00
18520272.00, 8506529.00
18542264.00, 16803110.00
18563106.00, 18068574.00
18566716.00, 5296585.00
18575224.00, 5546388.50
18577470.00, 9598930.00
18587292.00, 8576236.00
18587810.00, 846221.44
18589110.00, 126323.84
18597292.00, 15923233.00
18601206.00, 6362452.00
18604980.00, 21015168.00
18608444.00, 17286256.00
18628088.00, 5088973.00
18630694.00, 13396623.00
18642342.00, 10138512.00
18659728.00, 2898041.50
18662964.00, 13300022.00
18681232.00, 4698975.00
18681558.00, 88651.74
18695878.00, 10532510.00
18708454.00, 813830.25
18711882.00, 9292849.00
18725852.00, 651342.94
18733530.00, 18966840.00
18798512.00, 14004717.00
18819006.00, 10084492.00
18835568.00, 13764430.00
18842742.00, 2137332.00
18845898.00, 16756097.00
18846940.00, 8913446.00
18860522.00, 8876670.00
18860940.00, 494867.16
18863568.00, 1524535.50
18870396.00, 16794376.00
18875558.00, 1723527.25
18886052.00, 11469522.00
18892216.00, 1163437.38
18895870.00, 7662686.00
18903700.00, 1575534.88
18906886.00, 6051716.50
18912576.00, 3977155.00
18913702.00, 3775965.00
18945758.00, 13264893.00
18946118.00, 2954253.00
18947372.00, 18142850.00
18951500.00, 1515458.38
18951832.00, 9165132.00
18967198.00, 2823574.50
18970282.00, 2774624.00
18978226.00, 932076.75
18991276.00, 8261215.50
19020146.00, 6754547.00
19028966.00, 9413228.00
19031220.00, 4213334.00
19042828.00, 12587820.00
19045448.00, 2522299.75
19053144.00, 10220170.00
19069708.00, 19109520.00
19075004.00, 17910696.00
19075296.00, 15746271.00
19083740.00, 14975177.00
19090554.00, 2405850.75
19111932.00, 19268212.00
19113748.00, 19384496.00
19114928.00, 20681698.00
19119920.00, 8660782.00
19122160.00, 12729115.00
19136384.00, 16102828.00
19142252.00, 7779170.00
19151048.00, 6842086.50
19159210.00, 14277635.00
19159848.00, 21270508.00
19168198.00, 17307624.00
19171206.00, 13375497.00
19182692.00, 6502983.00
19185050.00, 21163050.00
19185708.00, 13139496.00
19204564.00, 2872305.25
19223616.00, 13336029.00
19241698.00, 19034582.00
19248498.00, 10429944.00
19255194.00, 13286538.00
19258640.00, 6741351.50
19277094.00, 5594808.50
19286114.00, 10609653.00
19286768.00, 12434880.00
19290646.00, 20710360.00
19298342.00, 3188746.00
19298632.00, 18579646.00
19308322.00, 15279681.00
19309906.00, 13337472.00
19311346.00, 11378194.00
19327530.00, 7929185.50
19332990.00, 19601258.00
19336414.00, 19621792.00
19350486.00, 18037864.00
19363644.00, 7922285.50
19363764.00, 1779018.38
19370718.00, 20201.18
19375866.00, 10284832.00
19396548.00, 5361504.00
19410794.00, 12171017.00
19413932.00, 9157425.00
19417936.00, 16521868.00
19438404.00, 14677261.00
19439456.00, 9696964.00
19443788.00, 14868227.00
19444144.00, 13028892.00
19448772.00, 18404262.00
19471404.00, 11604489.00
19492936.00, 14363227.00
19501002.00, 15570848.00
19507226.00, 13661624.00
19510374.00, 11987506.00
19517396.00, 7638073.00
19531602.00, 6344024.50
19534520.00, 9921183.00
19549304.00, 1710887.00
19559548.00, 284073.72
19582692.00, 2902338.50
19583806.00, 2461871.00
19598054.00, 18910828.00
19599714.00, 3380035.25
19603368.00, 20359234.00
19606586.00, 19509100.00
19607156.00, 1429931.38
19615448.00, 4760070.50
19637276.00, 17101356.00
19656236.00, 3923313.00
19680060.00, 9916035.00
19683418.00, 2814512.75
19710458.00, 3034274.25
19714918.00, 8799699.00
19716270.00, 10137436.00
19718836.00, 18608450.00
19722982.00, 6971966.50
19726566.00, 11154940.00
19728592.00, 9265939.00
19735074.00, 13428503.00
19742888.00, 18342070.00
19754278.00, 4210159.00
19758424.00, 3830761.00
19781510.00, 6886777.00
19808392.00, 17896936.00
19831806.00, 10412936.00
19836008.00, 3871276.75
19841250.00, 11452595.00
19863712.00, 500650.53
19871754.00, 16968348.00
19904442.00, 2779795.50
19918732.00, 7792573.00
19933336.00, 11129778.00
19934332.00, 11646947.00
19936282.00, 17161812.00
19940064.00, 10620073.00
19940864.00, 18809524.00
19951504.00, 13677361.00
19955448.00, 4742480.00
19962824.00, 9518939.00
19966692.00, 19586004.00
19998178.00, 2909915.25
20001464.00, 13530831.00
20018998.00, 21176128.00
20019304.00, 12516347.00
20032136.00, 6392382.50
20052730.00, 9772493.00
20056678.00, 21253694.00
20069810.00, 4585346.50
20080088.00, 13026829.00
20088012.00, 2716645.00
20090408.00, 10726096.00
20093946.00, 5736781.00
20095066.00, 4979301.00
20118342.00, 12828152.00
20123310.00, 20013216.00
20123594.00, 10450918.00
20136844.00, 16196239.00
20138984.00, 7548658.00
20142650.00, 17153754.00
20145212.00, 8101320.50
20169650.00, 138358.53
20197654.00, 13571167.00
20203300.00, 14557896.00
20208544.00, 20807372.00
20211286.00, 7670057.00
20231524.00, 11769256.00
20241986.00, 21079160.00
20256320.00, 1636014.50
20266952.00, 6501632.50
20275192.00, 12890209.00
20279916.00, 18403960.00
20286288.00, 8342934.50
20289638.00, 8012857.50
20321146.00, 13594260.00
20323026.00, 17472750.00
20324276.00, 15196374.00
20326718.00, 19354902.00
20350738.00, 9431957.00
20366394.00, 4263941.00
20367724.00, 7817878.50
20381224.00, 10723437.00
20398264.00, 8044331.50
20430618.00, 13291706.00
20440024.00, 20749988.00
20445204.00, 5525954.50
20460934.00, 1636542.75
20491272.00, 7913333.00
20501144.00, 581786.25
20506164.00, 10258358.00
20509274.00, 7233013.00
20552038.00, 19103404.00
20556304.00, 12647036.00
20559610.00, 21024658.00
20569826.00, 2077846.50
20580994.00, 10464312.00
20583098.00, 628975.44
20583592.00, 19545334.00
20584834.00, 620448.25
20588056.00, 2403930.75
20595522.00, 12506552.00
20604406.00, 5607310.00
20605710.00, 8125476.50
20608642.00, 12395948.00
20609620.00, 5226774.00
20633488.00, 15557841.00
20635126.00, 12364695.00
20639174.00, 21411382.00
20640666.00, 14385696.00
20671000.00, 6923271.50
20674214.00, 19737898.00
20677848.00, 2316445.50
20686740.00, 11570125.00
20691514.00, 4359278.50
20692024.00, 1634458.25
20693336.00, 8873683.00
20703434.00, 2465968.00
20704012.00, 11754950.00
20707206.00, 6278409.00
20711964.00, 15718030.00
20727078.00, 17177352.00
20727948.00, 13822697.00
20728600.00, 6666006.00
20729250.00, 3530981.00
20759560.00, 2633034.25
20765386.00, 12233900.00
20769928.00, 17237502.00
20770488.00, 11977814.00
20783498.00, 17811554.00
20792696.00, 12580163.00
20800328.00, 6074029.00
20801786.00, 8291070.00
20809484.00, 6089081.50
20810700.00, 7938971.50
20819532.00, 7177453.50
20849632.00, 14788374.00
20855608.00, 17008390.00
20859032.00, 19158030.00
20861430.00, 19388574.00
20880566.00, 14487002.00
20886016.00, 2493660.25
20889394.00, 17750452.00
20897044.00, 4250177.00
20900492.00, 8506987.00
20921530.00, 17760090.00
20926892.00, 15752164.00
20930646.00, 18375916.00
20936244.00, 19450100.00
20952908.00, 21017994.00
20954844.00, 6823347.00
20956332.00, 19942180.00
20972816.00, 15342344.00
20987656.00, 2173457.00
20996488.00, 18196752.00
21003764.00, 15835142.00
21022164.00, 15696928.00
21030910.00, 21229212.00
21036096.00, 13726908.00
21044200.00, 11038267.00
21058120.00, 16760618.00
21074626.00, 19345932.00
21077296.00, 12990907.00
21079156.00, 13922442.00
21082512.00, 5806330.00
21113014.00, 2236110.75
21116648.00, 12089812.00
21123738.00, 6783892.50
21131046.00, 16121742.00
21132694.00, 19145542.00
21152026.00, 8745609.00
21181868.00, 18838566.00
21188144.00, 16598720.00
21192732.00, 20071120.00
21215406.00, 20252922.00
21216464.00, 13586284.00
21218718.00, 21240516.00
21234620.00, 4886466.50
21248602.00, 5667766.50
21252742.00, 18009676.00
21259504.00, 9915434.00
21260748.00, 15266441.00
21269182.00, 5784390.00
21273224.00, 5143161.50
21282466.00, 9300138.00
21285286.00, 14921052.00
21300348.00, 16779078.00
21330892.00, 5901435.50
21354060.00, 12486624.00
21367632.00, 2509100.50
21371972.00, 19633656.00
21375352.00, 9036010.00
21381540.00, 7627168.00
21382860.00, 3124819.25
21400556.00, 17819964.00
21406592.00, 12649633.00
21419860.00, 4613575.50
21424482.00, 8497552.00
21428926.00, 6135952.00
21430492.00, 1440444.12
21430956.00, 21471564.00
21444668.00, 14004503.00
21448664.00, 12029299.00
21454158.00, 15436559.00
21461078.00, 3644911.75
21463546.00, 15029047.00
21468750.00, 19512930.00
